39.8705325	116.1730951	193.53
39.8705278	116.1730937	193.156
39.870523	116.1730923	192.825
39.8705181	116.1730909	192.539
39.8705132	116.1730896	192.301
39.8705083	116.1730882	192.102
39.8705033	116.1730869	191.935
39.8704982	116.1730856	191.803
39.8704932	116.1730842	191.73
39.8704881	116.1730829	191.663
39.8704829	116.1730816	191.583
39.8704778	116.1730803	191.525
39.8704725	116.173079	191.492
39.8704673	116.1730776	191.409
39.8704619	116.1730763	191.342
39.8704566	116.1730749	191.31
39.8704512	116.1730736	191.282
39.8704457	116.1730722	191.234
39.8704402	116.1730708	191.189
39.8704347	116.1730695	191.156
39.8704291	116.1730681	191.133
39.8704235	116.1730667	191.121
39.8704179	116.1730653	191.102
39.8704122	116.1730639	191.084
39.8704065	116.1730625	191.067
39.8704007	116.1730611	191.052
39.8703948	116.1730597	191.037
39.870389	116.1730582	191.017
39.8703831	116.1730568	191.013
39.8703771	116.1730554	191.004
39.8703711	116.1730539	190.972
39.8703652	116.1730524	190.95
39.8703591	116.1730509	190.937
39.870353	116.1730495	190.918
39.8703468	116.173048	190.899
39.8703406	116.1730465	190.88
39.8703344	116.173045	190.855
39.8703281	116.1730435	190.833
39.8703218	116.1730419	190.81
39.8703154	116.1730404	190.761
39.870309	116.1730389	190.709
39.8703026	116.1730373	190.676
39.8702961	116.1730358	190.652
39.8702895	116.1730343	190.623
39.870283	116.1730327	190.592
39.8702764	116.1730312	190.566
39.8702697	116.1730296	190.55
39.870263	116.173028	190.546
39.8702563	116.1730265	190.535
39.8702495	116.1730249	190.542
39.8702427	116.1730233	190.59
39.8702359	116.1730217	190.643
39.870229	116.1730201	190.696
39.8702221	116.1730184	190.743
39.8702151	116.1730167	190.783
39.8702081	116.173015	190.833
39.8702011	116.1730133	190.882
39.870194	116.1730116	190.925
39.8701869	116.1730099	190.976
39.8701797	116.1730081	191.023
39.8701725	116.1730063	191.067
39.8701653	116.1730046	191.119
39.8701581	116.1730028	191.17
39.8701508	116.173001	191.219
39.8701435	116.1729991	191.266
39.8701361	116.1729973	191.313
39.8701287	116.1729954	191.36
39.8701212	116.1729935	191.403
39.8701137	116.1729916	191.431
39.8701062	116.1729897	191.458
39.8700987	116.1729878	191.512
39.870091	116.1729858	191.497
39.8700834	116.1729839	191.553
39.8700757	116.1729819	191.536
39.870068	116.1729799	191.527
39.8700602	116.1729779	191.548
39.8700524	116.1729759	191.57
39.8700446	116.1729739	191.574
39.8700368	116.1729718	191.56
39.8700289	116.1729697	191.522
39.8700209	116.1729676	191.455
39.8700129	116.1729657	191.419
39.8700049	116.1729636	191.4
39.8699969	116.1729616	191.372
39.8699888	116.1729595	191.346
39.8699807	116.1729575	191.326
39.8699725	116.1729554	191.308
39.8699643	116.1729534	191.282
39.8699561	116.1729513	191.255
39.8699478	116.1729492	191.235
39.8699395	116.1729471	191.206
39.8699311	116.1729451	191.183
39.8699227	116.172943	191.161
39.8699143	116.1729409	191.14
39.8699059	116.1729388	191.114
39.8698974	116.1729367	191.085
39.8698889	116.1729346	191.068
39.8698803	116.1729325	191.056
39.8698717	116.1729304	191.047
39.8698631	116.1729282	191.03
39.8698544	116.1729261	191.026
39.8698456	116.172924	191.04
39.8698369	116.1729219	191.081
39.8698281	116.1729197	191.126
39.8698194	116.1729176	191.165
39.8698105	116.1729154	191.206
39.8698017	116.1729131	191.243
39.8697928	116.1729109	191.277
39.8697839	116.1729087	191.289
39.8697749	116.1729064	191.288
39.869766	116.1729042	191.287
39.869757	116.172902	191.287
39.869748	116.1728997	191.273
39.8697389	116.1728975	191.264
39.8697298	116.1728952	191.249
39.8697207	116.1728929	191.239
39.8697116	116.1728906	191.227
39.8697025	116.1728883	191.196
39.8696933	116.172886	191.177
39.8696841	116.1728837	191.166
39.8696748	116.1728814	191.175
39.8696656	116.172879	191.185
39.8696562	116.1728768	191.184
39.8696469	116.1728745	191.169
39.8696376	116.1728721	191.161
39.8696282	116.1728698	191.15
39.8696189	116.1728675	191.159
39.8696095	116.1728651	191.183
39.8696001	116.1728628	191.215
39.8695908	116.1728604	191.245
39.8695814	116.1728581	191.276
39.8695719	116.1728558	191.303
39.8695625	116.1728534	191.331
39.8695531	116.1728511	191.359
39.8695437	116.1728487	191.387
39.8695343	116.1728463	191.408
39.8695249	116.1728439	191.418
39.8695155	116.1728415	191.412
39.8695061	116.1728391	191.397
39.8694966	116.1728367	191.37
39.8694872	116.1728343	191.335
39.8694824	116.1728331	191.317
39.869473	116.1728307	191.285
39.8694635	116.1728284	191.267
39.869454	116.172826	191.243
39.8694445	116.1728236	191.215
39.869435	116.1728212	191.189
39.8694255	116.1728189	191.165
39.869416	116.1728165	191.138
39.8694065	116.1728141	191.107
39.869397	116.1728118	191.092
39.8693875	116.1728094	191.093
39.8693779	116.1728072	191.105
39.8693684	116.1728048	191.121
39.8693589	116.1728025	191.139
39.8693493	116.1728001	191.153
39.8693398	116.1727977	191.135
39.8693302	116.1727953	191.129
39.8693206	116.1727929	191.14
39.8693111	116.1727906	191.175
39.8693015	116.1727882	191.188
39.8692919	116.1727858	191.2
39.8692823	116.1727835	191.207
39.8692727	116.1727811	191.204
39.8692632	116.1727787	191.206
39.8692536	116.1727763	191.212
39.869244	116.1727739	191.21
39.8692343	116.1727715	191.183
39.8692247	116.1727691	191.147
39.8692151	116.1727667	191.118
39.8692055	116.1727643	191.097
39.8691958	116.1727619	191.082
39.8691861	116.1727596	191.07
39.8691764	116.1727572	191.05
39.8691668	116.1727548	191.024
39.8691571	116.1727525	191.002
39.8691474	116.1727501	190.983
39.8691377	116.1727477	190.96
39.8691281	116.1727454	190.939
39.8691184	116.172743	190.915
39.8691087	116.1727406	190.896
39.8690989	116.1727383	190.882
39.8690892	116.1727359	190.871
39.8690795	116.1727336	190.856
39.8690697	116.1727312	190.848
39.86906	116.1727289	190.856
39.8690503	116.1727265	190.888
39.8690405	116.1727242	190.925
39.8690308	116.1727218	190.959
39.869021	116.1727194	191.0
39.8690112	116.172717	191.052
39.8690015	116.1727146	191.098
39.8689966	116.1727135	191.121
39.8689868	116.1727111	191.153
39.868977	116.1727087	191.177
39.8689672	116.1727062	191.202
39.8689574	116.1727038	191.251
39.8689476	116.1727013	191.288
39.8689378	116.1726988	191.322
39.868928	116.1726963	191.33
39.8689182	116.1726939	191.352
39.8689084	116.1726914	191.388
39.8688985	116.172689	191.443
39.8688887	116.1726865	191.489
39.8688788	116.172684	191.522
39.868869	116.1726815	191.54
39.8688592	116.1726789	191.56
39.8688493	116.1726763	191.583
39.8688395	116.1726738	191.616
39.8688296	116.1726712	191.656
39.8688198	116.1726687	191.703
39.8688099	116.1726661	191.738
39.8688	116.1726636	191.766
39.8687902	116.172661	191.788
39.8687803	116.1726584	191.809
39.8687704	116.1726558	191.825
39.8687606	116.1726531	191.837
39.8687507	116.1726505	191.854
39.8687408	116.1726479	191.88
39.8687309	116.1726453	191.904
39.868721	116.1726426	191.922
39.8687111	116.17264	191.933
39.8687012	116.1726373	191.918
39.8686913	116.1726347	191.871
39.8686814	116.1726321	191.801
39.8686714	116.1726294	191.724
39.8686615	116.1726268	191.656
39.8686516	116.1726242	191.598
39.8686416	116.1726217	191.552
39.8686317	116.1726191	191.511
39.8686217	116.1726165	191.459
39.8686118	116.172614	191.419
39.8686017	116.1726115	191.389
39.8685918	116.172609	191.351
39.8685818	116.1726065	191.299
39.8685718	116.172604	191.243
39.8685618	116.1726014	191.191
39.8685518	116.1725989	191.14
39.8685418	116.1725964	191.084
39.8685318	116.172594	191.027
39.8685219	116.1725915	190.985
39.8685119	116.1725891	190.939
39.868502	116.1725868	190.886
39.8684921	116.1725844	190.84
39.8684822	116.172582	190.806
39.8684723	116.1725796	190.777
39.8684625	116.1725772	190.756
39.8684527	116.1725749	190.744
39.8684478	116.1725737	190.741
39.8684381	116.1725714	190.733
39.8684283	116.1725691	190.735
39.8684186	116.1725668	190.73
39.868409	116.1725644	190.729
39.8684041	116.1725634	190.729
39.8683945	116.1725611	190.748
39.8683849	116.1725588	190.78
39.8683754	116.1725565	190.818
39.8683659	116.1725542	190.855
39.8683565	116.1725519	190.894
39.8683472	116.1725497	190.936
39.8683379	116.1725474	190.976
39.8683288	116.1725452	191.022
39.8683197	116.1725429	191.063
39.8683108	116.1725408	191.118
39.8683019	116.1725386	191.169
39.8682931	116.1725364	191.219
39.8682845	116.1725342	191.256
39.8682759	116.1725321	191.309
39.8682674	116.17253	191.367
39.868259	116.1725278	191.427
39.8682507	116.1725257	191.48
39.8682424	116.1725236	191.52
39.8682343	116.1725215	191.566
39.8682261	116.1725194	191.612
39.8682181	116.1725173	191.669
39.8682101	116.1725152	191.716
39.8682022	116.1725131	191.771
39.8681943	116.1725111	191.835
39.8681864	116.172509	191.905
39.8681786	116.1725069	191.994
39.8681708	116.1725048	192.084
39.8681631	116.1725027	192.17
39.8681554	116.1725006	192.255
39.8681477	116.1724986	192.332
39.8681401	116.1724965	192.422
39.8681325	116.1724944	192.504
39.868125	116.1724923	192.578
39.8681176	116.1724902	192.664
39.8681101	116.172488	192.729
39.8681027	116.1724859	192.804
39.8680954	116.1724839	192.921
39.8680881	116.1724817	192.985
39.8680808	116.1724796	193.055
39.8680735	116.1724776	193.156
39.8680663	116.1724755	193.21
39.8680592	116.1724733	193.246
39.8680521	116.1724712	193.333
39.868045	116.1724691	193.392
39.868038	116.172467	193.449
39.868031	116.1724648	193.565
39.868024	116.1724627	193.74
39.8680171	116.1724606	193.927
39.8680103	116.1724584	194.118
39.8680034	116.1724563	194.323
39.8679966	116.1724541	194.536
39.8679899	116.1724519	194.804
39.8679831	116.1724497	195.133
39.8679765	116.1724474	195.466
39.8679698	116.1724451	195.823
39.8679633	116.1724427	196.19
39.8679567	116.1724403	196.545
39.8679502	116.1724378	196.942
39.8679438	116.1724352	197.287
39.8679373	116.1724328	197.633
39.867931	116.1724302	198.044
39.8679247	116.1724277	198.406
39.8679185	116.172425	198.748
39.8679123	116.1724223	199.088
39.8679062	116.1724196	199.418
39.8679001	116.1724169	199.728
39.8678941	116.1724141	200.022
39.8678881	116.1724113	200.292
39.8678822	116.1724085	200.54
39.8678763	116.1724056	200.795
39.8678704	116.1724028	201.06
39.8678646	116.1724	201.29
39.8678588	116.1723971	201.526
39.8678531	116.1723942	201.797
39.8678473	116.1723912	202.077
39.8678416	116.1723883	202.359
39.867836	116.1723853	202.643
39.8678303	116.1723823	202.916
39.8678247	116.1723792	203.169
39.8678191	116.1723762	203.406
39.8678135	116.1723731	203.59
39.8678079	116.17237	203.715
39.8678023	116.1723668	203.806
39.8677967	116.1723637	203.868
39.8677911	116.1723605	203.91
39.8677855	116.1723573	203.965
39.86778	116.1723542	204.032
39.8677744	116.172351	204.086
39.8677688	116.1723478	204.144
39.8677632	116.1723446	204.231
39.8677576	116.1723414	204.336
39.867752	116.1723382	204.48
39.8677465	116.172335	204.676
39.8677409	116.1723317	204.892
39.8677354	116.1723284	205.099
39.8677298	116.1723251	205.31
39.8677243	116.1723217	205.524
39.8677188	116.1723183	205.726
39.8677132	116.1723149	205.927
39.8677077	116.1723116	206.138
39.8677022	116.1723081	206.332
39.8676967	116.1723046	206.504
39.8676912	116.1723011	206.663
39.8676857	116.1722975	206.795
39.8676802	116.172294	206.9
39.8676747	116.1722904	207.016
39.8676692	116.1722868	207.133
39.8676637	116.1722832	207.243
39.8676582	116.1722796	207.386
39.8676527	116.172276	207.598
39.8676473	116.1722723	207.832
39.8676418	116.1722687	208.106
39.8676364	116.172265	208.397
39.867631	116.1722613	208.61
39.8676256	116.1722575	208.854
39.8676203	116.1722537	209.162
39.8676149	116.1722499	209.423
39.8676096	116.1722461	209.661
39.8676043	116.1722422	209.912
39.8675991	116.1722383	210.136
39.8675938	116.1722344	210.309
39.8675886	116.1722305	210.457
39.8675833	116.1722265	210.594
39.8675781	116.1722226	210.723
39.8675729	116.1722186	210.852
39.8675677	116.1722147	210.986
39.8675626	116.1722107	211.107
39.8675575	116.1722067	211.227
39.8675524	116.1722027	211.367
39.8675473	116.1721988	211.498
39.8675422	116.1721948	211.619
39.8675372	116.1721909	211.757
39.8675322	116.1721869	211.896
39.8675273	116.172183	212.029
39.8675224	116.172179	212.166
39.8675175	116.1721751	212.313
39.8675126	116.1721711	212.465
39.8675077	116.1721672	212.622
39.8675029	116.1721632	212.793
39.8674982	116.1721593	212.975
39.8674934	116.1721553	213.153
39.8674887	116.1721514	213.331
39.867484	116.1721475	213.512
39.8674794	116.1721435	213.679
39.8674749	116.1721396	213.842
39.8674704	116.1721358	214.01
39.867466	116.1721319	214.182
39.8674616	116.1721282	214.336
39.8674574	116.1721244	214.483
39.8674532	116.1721208	214.646
39.8674491	116.1721171	214.802
39.8674451	116.1721135	214.931
39.8674411	116.17211	215.052
39.8674372	116.1721065	215.193
39.8674333	116.1721029	215.335
39.8674295	116.1720995	215.461
39.8674257	116.172096	215.585
39.8674219	116.1720925	215.721
39.8674182	116.172089	215.863
39.8674145	116.1720856	215.983
39.8674108	116.1720822	216.122
39.8674036	116.1720754	216.445
39.8673968	116.1720689	216.784
39.8673903	116.1720626	217.172
39.8673841	116.1720566	217.431
39.8673784	116.1720509	217.625
39.867373	116.1720456	217.735
39.8673679	116.1720406	217.829
39.8673633	116.1720359	217.936
39.867359	116.1720315	218.156
39.8673549	116.1720275	218.373
39.867351	116.1720235	218.613
39.8673472	116.1720196	218.806
39.8673435	116.1720158	219.043
39.8673399	116.1720119	219.258
39.8673362	116.1720081	219.518
39.8673326	116.1720043	219.785
39.8673289	116.1720003	220.094
39.867325	116.1719961	220.417
39.867321	116.1719916	220.766
39.8673166	116.171987	221.133
39.8673122	116.171982	221.5
39.8673076	116.1719768	221.757
39.8673029	116.1719713	221.921
39.8672979	116.1719656	222.019
39.8672928	116.1719597	222.109
39.8672875	116.1719536	222.175
39.8672821	116.1719472	222.276
39.8672764	116.1719407	222.348
39.8672706	116.171934	222.521
39.8672646	116.1719269	222.809
39.8672585	116.1719196	223.144
39.8672522	116.1719121	223.469
39.8672458	116.1719043	223.758
39.8672425	116.1719003	223.915
39.8672392	116.1718963	224.087
39.8672359	116.1718921	224.277
39.8672326	116.1718879	224.461
39.8672292	116.1718837	224.621
39.8672258	116.1718794	224.788
39.8672224	116.1718751	224.971
39.867219	116.1718707	225.137
39.8672155	116.1718663	225.292
39.867212	116.1718618	225.456
39.8672086	116.1718572	225.636
39.8672051	116.1718527	225.816
39.8672015	116.1718479	225.981
39.867198	116.1718432	226.158
39.8671944	116.1718385	226.349
39.8671909	116.1718337	226.541
39.8671873	116.1718289	226.721
39.8671837	116.171824	226.911
39.8671801	116.171819	227.118
39.8671765	116.171814	227.331
39.8671728	116.171809	227.568
39.8671692	116.1718039	227.824
39.8671656	116.1717986	228.069
39.8671619	116.1717934	228.314
39.8671583	116.1717881	228.578
39.8671546	116.1717828	228.842
39.867151	116.1717774	229.104
39.8671473	116.171772	229.36
39.8671436	116.1717665	229.606
39.8671399	116.171761	229.87
39.8671362	116.1717554	230.134
39.8671326	116.1717497	230.389
39.8671289	116.1717439	230.625
39.8671252	116.1717381	230.843
39.8671215	116.1717323	231.038
39.8671178	116.1717265	231.233
39.8671141	116.1717205	231.419
39.8671104	116.1717146	231.568
39.8671067	116.1717085	231.684
39.8671029	116.1717025	231.797
39.8670992	116.1716964	231.922
39.8670954	116.1716902	232.041
39.8670917	116.171684	232.157
39.8670879	116.1716777	232.289
39.8670841	116.1716714	232.421
39.8670803	116.171665	232.569
39.8670765	116.1716586	232.738
39.8670727	116.1716522	232.907
39.8670689	116.1716457	233.07
39.867065	116.1716392	233.248
39.8670612	116.1716326	233.424
39.8670573	116.1716259	233.593
39.8670535	116.1716192	233.771
39.8670496	116.1716125	233.934
39.8670458	116.1716057	234.072
39.8670419	116.1715988	234.197
39.867038	116.1715919	234.311
39.8670341	116.171585	234.426
39.8670302	116.171578	234.547
39.8670263	116.1715709	234.668
39.8670224	116.1715638	234.792
39.8670185	116.1715567	234.926
39.8670145	116.1715494	235.101
39.8670106	116.1715422	235.315
39.8670066	116.1715349	235.553
39.8670027	116.1715276	235.801
39.8669988	116.1715201	236.051
39.8669948	116.1715127	236.304
39.8669909	116.1715051	236.553
39.866987	116.1714975	236.799
39.8669831	116.1714899	237.036
39.8669792	116.1714822	237.27
39.8669753	116.1714744	237.511
39.8669714	116.1714666	237.754
39.8669675	116.1714587	237.985
39.8669636	116.1714507	238.21
39.8669597	116.1714427	238.442
39.8669559	116.1714346	238.672
39.866952	116.1714265	238.903
39.8669482	116.1714183	239.124
39.8669443	116.1714101	239.335
39.8669405	116.1714018	239.544
39.8669367	116.1713935	239.754
39.8669329	116.1713852	239.956
39.8669291	116.1713768	240.149
39.8669254	116.1713685	240.339
39.8669217	116.1713601	240.516
39.866918	116.1713517	240.7
39.8669143	116.1713434	240.886
39.8669106	116.171335	241.075
39.866907	116.1713266	241.262
39.8669034	116.1713182	241.443
39.8668999	116.1713099	241.613
39.8668964	116.1713015	241.766
39.8668929	116.1712932	241.905
39.8668894	116.1712849	242.031
39.866886	116.1712767	242.144
39.8668826	116.1712684	242.261
39.8668792	116.1712602	242.376
39.8668759	116.1712521	242.484
39.8668726	116.171244	242.588
39.8668693	116.1712359	242.689
39.866866	116.1712278	242.79
39.8668628	116.1712197	242.887
39.8668595	116.1712117	242.986
39.8668563	116.1712037	243.079
39.8668532	116.1711957	243.165
39.86685	116.1711876	243.257
39.8668469	116.1711796	243.326
39.8668438	116.1711716	243.396
39.8668406	116.1711636	243.462
39.8668375	116.1711557	243.527
39.8668344	116.1711478	243.572
39.8668313	116.1711399	243.64
39.8668282	116.171132	243.698
39.8668252	116.1711241	243.715
39.8668222	116.1711162	243.71
39.8668191	116.1711084	243.685
39.8668161	116.1711006	243.618
39.8668131	116.1710929	243.513
39.8668101	116.1710852	243.401
39.8668071	116.1710775	243.286
39.8668041	116.1710699	243.167
39.8668012	116.1710624	243.065
39.8667982	116.1710548	242.974
39.8667952	116.1710474	242.87
39.8667922	116.1710399	242.797
39.8667893	116.1710325	242.741
39.8667863	116.1710251	242.692
39.8667834	116.1710178	242.66
39.8667804	116.1710105	242.653
39.8667775	116.1710033	242.7
39.8667745	116.170996	242.783
39.8667716	116.1709888	242.879
39.8667688	116.1709817	242.978
39.8667659	116.1709745	243.062
39.8667631	116.1709673	243.141
39.8667603	116.1709602	243.222
39.8667575	116.1709531	243.301
39.8667547	116.1709461	243.365
39.866752	116.170939	243.394
39.8667492	116.170932	243.393
39.8667465	116.170925	243.367
39.8667438	116.170918	243.302
39.8667411	116.170911	243.212
39.8667384	116.1709042	243.12
39.8667357	116.1708973	243.039
39.866733	116.1708905	242.95
39.8667303	116.1708838	242.861
39.8667276	116.1708771	242.789
39.866725	116.1708705	242.724
39.8667224	116.1708641	242.675
39.8667198	116.1708577	242.636
39.8667174	116.1708516	242.594
39.866715	116.1708456	242.541
39.8667126	116.1708397	242.508
39.8667103	116.170834	242.502
39.866708	116.1708285	242.492
39.8667058	116.1708231	242.458
39.8667037	116.1708179	242.466
39.8666996	116.1708078	242.516
39.8666957	116.1707983	242.556
39.8666921	116.1707894	242.617
39.8666887	116.1707809	242.732
39.8666855	116.170773	242.849
39.8666826	116.1707656	242.904
39.8666798	116.1707587	242.97
39.8666772	116.1707524	243.085
39.8666749	116.1707464	243.102
39.8666727	116.170741	243.023
39.8666697	116.1707336	242.943
39.8666671	116.170727	242.877
39.8666646	116.1707209	242.789
39.8666623	116.1707152	242.73
39.86666	116.1707097	242.669
39.8666579	116.1707043	242.609
39.8666558	116.1706991	242.537
39.8666529	116.1706924	242.308
39.8666501	116.1706855	241.974
39.8666478	116.1706801	241.712
39.8666452	116.170674	241.424
39.8666422	116.1706671	241.137
39.8666389	116.1706595	240.766
39.8666364	116.1706539	240.523
39.8666338	116.1706481	240.26
39.866631	116.1706419	239.965
39.8666281	116.1706354	239.609
39.8666249	116.1706286	239.14
39.8666215	116.1706214	238.554
39.866618	116.170614	237.857
39.8666141	116.1706064	237.053
39.8666101	116.1705985	236.137
39.8666057	116.1705904	235.136
39.8666012	116.1705821	233.926
39.8665964	116.1705739	232.599
39.8665914	116.1705657	231.113
39.8665862	116.1705576	229.446
39.8665807	116.1705496	227.842
39.866575	116.1705418	226.153
39.8665691	116.170534	224.475
39.8665629	116.1705264	222.79
39.8665564	116.170519	221.068
39.8665497	116.1705116	219.26
39.8665428	116.1705045	217.359
39.8665355	116.1704976	215.495
39.866528	116.170491	213.53
39.8665241	116.1704877	212.539
39.8665202	116.1704845	211.492
39.8665162	116.1704814	210.368
39.8665122	116.1704784	209.24
39.8665081	116.1704755	208.146
39.8665039	116.1704728	207.017
39.8664997	116.17047	205.869
39.8664954	116.1704674	204.723
39.8664911	116.1704649	203.592
39.8664868	116.1704625	202.47
39.8664824	116.1704603	201.34
39.866478	116.1704582	200.205
39.8664737	116.1704561	199.087
39.8664693	116.1704543	197.98
39.8664648	116.1704525	196.869
39.8664604	116.1704508	195.743
39.8664559	116.1704493	194.622
39.8664515	116.1704478	193.528
39.866447	116.1704465	192.444
39.8664424	116.1704453	191.35
39.8664379	116.1704442	190.249
39.8664333	116.1704432	189.133
39.8664287	116.1704423	187.976
39.866424	116.1704415	186.803
39.8664194	116.1704408	185.603
39.8664148	116.1704402	184.364
39.8664101	116.1704398	183.099
39.8664053	116.1704396	181.827
39.8664006	116.1704394	180.553
39.8663959	116.1704394	179.263
39.8663911	116.1704396	177.961
39.8663863	116.1704398	176.634
39.8663815	116.1704402	175.272
39.8663767	116.1704408	173.902
39.866372	116.1704415	172.53
39.8663673	116.1704424	171.142
39.8663625	116.1704434	169.739
39.8663577	116.1704446	168.348
39.8663529	116.1704459	166.955
39.8663482	116.1704474	165.551
39.8663434	116.1704491	164.145
39.8663387	116.1704509	162.788
39.866334	116.1704528	161.521
39.8663293	116.170455	160.375
39.8663246	116.1704572	159.381
39.86632	116.1704595	158.561
39.8663153	116.170462	157.909
39.8663107	116.1704645	157.391
39.866306	116.1704671	156.991
39.8663013	116.1704698	156.677
39.8662966	116.1704725	156.444
39.8662918	116.1704752	156.269
39.8662871	116.170478	156.139
39.8662823	116.1704808	156.062
39.8662775	116.1704836	156.051
39.8662728	116.1704864	156.078
39.866268	116.1704892	156.12
39.8662631	116.170492	156.164
39.8662582	116.1704949	156.213
39.8662533	116.1704978	156.273
39.8662483	116.1705007	156.354
39.8662433	116.1705036	156.439
39.8662382	116.1705065	156.52
39.8662332	116.1705094	156.607
39.866228	116.1705123	156.701
39.866223	116.1705152	156.783
39.8662178	116.1705181	156.87
39.8662126	116.170521	156.974
39.8662073	116.170524	157.087
39.866202	116.170527	157.192
39.8661966	116.1705299	157.302
39.8661912	116.1705329	157.433
39.8661858	116.1705359	157.574
39.8661804	116.1705388	157.711
39.8661749	116.1705418	157.85
39.8661693	116.1705448	157.992
39.8661639	116.1705476	158.133
39.8661583	116.1705506	158.281
39.8661526	116.1705535	158.436
39.8661469	116.1705565	158.591
39.8661412	116.1705595	158.747
39.8661355	116.1705624	158.907
39.8661297	116.1705653	159.067
39.8661239	116.1705683	159.225
39.866118	116.1705712	159.386
39.8661123	116.170574	159.547
39.8661064	116.1705769	159.704
39.8661004	116.1705798	159.865
39.8660944	116.1705827	160.021
39.8660884	116.1705856	160.181
39.8660823	116.1705885	160.343
39.8660762	116.1705914	160.497
39.8660701	116.1705943	160.658
39.8660639	116.1705971	160.823
39.8660577	116.1706	160.986
39.8660517	116.1706027	161.145
39.8660454	116.1706055	161.315
39.8660391	116.1706083	161.483
39.8660327	116.1706111	161.644
39.8660263	116.1706139	161.81
39.8660199	116.1706167	161.979
39.8660135	116.1706195	162.148
39.866007	116.1706222	162.322
39.8660004	116.170625	162.491
39.8659939	116.1706277	162.655
39.8659874	116.1706304	162.819
39.8659808	116.1706331	162.974
39.8659741	116.1706358	163.116
39.8659674	116.1706385	163.241
39.8659607	116.1706412	163.353
39.8659539	116.1706438	163.465
39.8659471	116.1706465	163.58
39.8659403	116.1706492	163.68
39.8659334	116.1706518	163.777
39.8659265	116.1706545	163.875
39.8659197	116.1706571	163.971
39.8659127	116.1706597	164.068
39.8659057	116.1706624	164.165
39.8658987	116.170665	164.255
39.8658916	116.1706676	164.349
39.8658845	116.1706702	164.445
39.8658774	116.1706729	164.544
39.8658702	116.1706755	164.642
39.865863	116.1706781	164.74
39.8658558	116.1706807	164.841
39.8658486	116.1706833	164.95
39.8658413	116.1706859	165.062
39.865834	116.1706885	165.182
39.8658267	116.1706911	165.297
39.8658193	116.1706936	165.414
39.8658118	116.1706962	165.534
39.8658044	116.1706987	165.647
39.8657969	116.1707013	165.779
39.8657894	116.1707038	165.928
39.8657818	116.1707063	166.083
39.8657743	116.1707089	166.242
39.8657666	116.1707113	166.393
39.865759	116.1707138	166.548
39.8657513	116.1707162	166.697
39.8657436	116.1707187	166.83
39.8657358	116.1707211	166.948
39.865728	116.1707235	167.064
39.8657202	116.1707259	167.187
39.8657123	116.1707283	167.301
39.8657044	116.1707306	167.427
39.8656966	116.170733	167.545
39.8656886	116.1707354	167.661
39.8656806	116.1707377	167.792
39.8656726	116.17074	167.93
39.8656645	116.1707423	168.104
39.8656564	116.1707446	168.309
39.8656483	116.1707469	168.519
39.8656402	116.1707491	168.748
39.865632	116.1707513	168.974
39.8656237	116.1707534	169.184
39.8656155	116.1707556	169.403
39.8656072	116.1707577	169.636
39.8655989	116.1707597	169.875
39.8655905	116.1707617	170.092
39.8655821	116.1707636	170.303
39.8655736	116.1707656	170.533
39.8655652	116.1707675	170.771
39.8655567	116.1707693	171.015
39.8655481	116.1707712	171.254
39.8655396	116.170773	171.49
39.8655311	116.1707747	171.723
39.8655225	116.1707764	171.955
39.8655139	116.170778	172.153
39.865501	116.1707804	172.38
39.8654923	116.170782	172.506
39.8654836	116.1707835	172.621
39.865475	116.170785	172.735
39.8654663	116.1707865	172.834
39.8654576	116.170788	172.916
39.8654488	116.1707895	172.997
39.8654402	116.170791	173.081
39.8654314	116.1707924	173.153
39.8654226	116.1707938	173.214
39.8654094	116.1707959	173.295
39.8654006	116.1707974	173.326
39.8653918	116.1707988	173.355
39.865383	116.1708002	173.4
39.8653741	116.1708016	173.449
39.8653652	116.170803	173.505
39.8653564	116.1708043	173.562
39.8653475	116.1708057	173.626
39.8653386	116.170807	173.699
39.8653296	116.1708084	173.774
39.8653207	116.1708097	173.84
39.8653117	116.170811	173.9
39.8653027	116.1708123	173.972
39.8652937	116.1708136	174.045
39.8652847	116.1708149	174.119
39.8652757	116.1708162	174.186
39.8652667	116.1708175	174.251
39.8652576	116.1708187	174.326
39.8652485	116.17082	174.376
39.8652394	116.1708212	174.404
39.8652303	116.1708224	174.433
39.8652212	116.1708236	174.466
39.8652121	116.1708249	174.5
39.8652029	116.1708261	174.533
39.8651937	116.1708273	174.56
39.8651845	116.1708285	174.587
39.8651754	116.1708297	174.612
39.8651662	116.1708309	174.642
39.8651569	116.1708321	174.661
39.8651477	116.1708333	174.681
39.8651384	116.1708344	174.69
39.8651292	116.1708356	174.687
39.8651199	116.1708368	174.653
39.8651106	116.170838	174.586
39.8651013	116.1708392	174.502
39.865092	116.1708404	174.4
39.8650826	116.1708417	174.287
39.8650733	116.1708429	174.175
39.865064	116.1708443	174.065
39.8650547	116.1708456	173.955
39.8650453	116.170847	173.846
39.865036	116.1708483	173.734
39.8650266	116.1708497	173.614
39.8650173	116.1708512	173.479
39.8650079	116.1708526	173.32
39.8649986	116.1708541	173.136
39.8649892	116.1708557	172.937
39.8649798	116.1708573	172.729
39.8649705	116.1708589	172.532
39.8649611	116.1708606	172.363
39.8649517	116.1708623	172.209
39.8649424	116.170864	172.075
39.864933	116.1708658	171.95
39.8649236	116.1708675	171.84
39.8649142	116.1708693	171.748
39.8649048	116.1708712	171.643
39.8649001	116.1708721	171.611
39.8648907	116.170874	171.563
39.8648814	116.1708759	171.486
39.864872	116.1708778	171.361
39.8648626	116.1708797	171.189
39.8648532	116.1708816	171.014
39.8648438	116.1708836	170.849
39.8648344	116.1708857	170.688
39.864825	116.1708878	170.514
39.8648155	116.1708899	170.31
39.8648061	116.170892	170.092
39.8648015	116.1708932	169.986
39.8647921	116.1708954	169.772
39.8647827	116.1708977	169.55
39.8647733	116.1709	169.329
39.8647639	116.1709023	169.102
39.8647545	116.1709047	168.871
39.8647451	116.1709072	168.643
39.8647358	116.1709097	168.425
39.8647264	116.1709122	168.212
39.864717	116.1709148	167.995
39.8647076	116.1709175	167.737
39.8646983	116.1709203	167.438
39.8646889	116.170923	167.105
39.8646796	116.1709258	166.768
39.8646703	116.1709287	166.392
39.8646609	116.1709317	165.976
39.8646517	116.1709348	165.531
39.8646424	116.1709379	165.096
39.8646331	116.1709412	164.691
39.8646239	116.1709445	164.327
39.8646147	116.1709479	164.02
39.8646056	116.1709514	163.732
39.8645964	116.170955	163.439
39.8645872	116.1709586	163.15
39.8645781	116.1709622	162.861
39.864569	116.1709659	162.572
39.8645599	116.1709697	162.241
39.8645508	116.1709735	161.904
39.8645418	116.1709774	161.584
39.8645328	116.1709814	161.267
39.8645238	116.1709854	160.943
39.8645148	116.1709895	160.607
39.8645058	116.1709937	160.276
39.8644969	116.1709979	159.953
39.864488	116.1710022	159.647
39.8644791	116.1710065	159.359
39.8644703	116.1710109	159.099
39.8644614	116.1710154	158.859
39.8644526	116.1710199	158.643
39.8644438	116.1710245	158.459
39.864435	116.171029	158.312
39.8644263	116.1710336	158.181
39.8644175	116.1710383	158.054
39.8644087	116.1710429	157.932
39.8644	116.1710476	157.809
39.8643913	116.1710523	157.669
39.8643825	116.171057	157.502
39.8643738	116.1710617	157.299
39.8643651	116.1710665	157.076
39.8643564	116.1710714	156.85
39.8643477	116.1710763	156.628
39.8643391	116.1710812	156.391
39.8643304	116.1710862	156.121
39.8643218	116.1710912	155.824
39.8643132	116.1710962	155.529
39.8643047	116.1711013	155.268
39.8642961	116.1711065	155.033
39.8642876	116.1711117	154.814
39.8642791	116.1711169	154.596
39.8642707	116.1711222	154.383
39.8642622	116.1711276	154.184
39.8642537	116.1711329	154.01
39.8642453	116.1711383	153.859
39.8642369	116.1711438	153.73
39.8642285	116.1711492	153.616
39.8642201	116.1711547	153.506
39.8642116	116.1711602	153.392
39.8642032	116.1711658	153.267
39.8641948	116.1711713	153.126
39.8641864	116.1711769	152.923
39.8641781	116.1711825	152.631
39.8641697	116.1711882	152.25
39.8641613	116.1711939	151.828
39.864153	116.1711998	151.4
39.8641447	116.1712057	150.979
39.8641365	116.1712117	150.571
39.8641283	116.1712178	150.189
39.8641201	116.1712239	149.843
39.8641119	116.1712302	149.525
39.8641037	116.1712365	149.199
39.8640956	116.1712428	148.876
39.8640876	116.1712493	148.539
39.8640795	116.1712558	148.195
39.8640714	116.1712623	147.843
39.8640634	116.1712689	147.486
39.8640554	116.1712756	147.152
39.8640474	116.1712824	146.881
39.8640394	116.1712892	146.683
39.8640315	116.1712961	146.544
39.8640236	116.171303	146.431
39.8640156	116.1713099	146.333
39.8640076	116.1713169	146.238
39.8639997	116.1713239	146.147
39.8639917	116.1713309	146.055
39.8639838	116.1713379	145.963
39.8639758	116.171345	145.884
39.8639678	116.1713521	145.818
39.8639598	116.1713592	145.783
39.8639519	116.1713663	145.764
39.8639438	116.1713735	145.746
39.8639358	116.1713807	145.729
39.8639277	116.1713879	145.714
39.8639197	116.1713951	145.697
39.8639116	116.1714023	145.681
39.8639035	116.1714096	145.672
39.8638954	116.1714169	145.675
39.8638873	116.1714242	145.67
39.8638792	116.1714315	145.658
39.863871	116.1714388	145.651
39.8638628	116.1714461	145.663
39.8638546	116.1714535	145.695
39.8638464	116.1714608	145.734
39.8638382	116.1714682	145.775
39.8638299	116.1714756	145.814
39.8638217	116.171483	145.839
39.8638134	116.1714903	145.874
39.8638051	116.1714977	145.921
39.8637967	116.1715052	145.967
39.8637884	116.1715126	146.005
39.86378	116.17152	146.034
39.8637717	116.1715274	146.058
39.8637632	116.1715348	146.082
39.8637548	116.1715422	146.111
39.8637464	116.1715496	146.131
39.8637379	116.1715571	146.138
39.8637294	116.1715646	146.107
39.8637209	116.1715721	146.043
39.8637124	116.1715796	145.988
39.8637039	116.1715871	145.947
39.8636954	116.1715947	145.913
39.8636868	116.1716023	145.879
39.8636782	116.1716099	145.848
39.8636696	116.1716175	145.822
39.8636611	116.1716252	145.801
39.8636524	116.1716329	145.783
39.8636438	116.1716406	145.77
39.8636352	116.1716483	145.759
39.8636265	116.171656	145.748
39.8636179	116.1716637	145.742
39.8636092	116.1716715	145.736
39.8636004	116.1716793	145.729
39.8635917	116.1716871	145.73
39.863583	116.1716949	145.731
39.8635742	116.1717027	145.737
39.8635655	116.1717106	145.738
39.8635567	116.1717184	145.734
39.8635479	116.1717263	145.732
39.8635391	116.1717342	145.759
39.8635303	116.1717421	145.807
39.8635215	116.1717501	145.837
39.8635127	116.171758	145.85
39.8635038	116.1717659	145.834
39.8634948	116.1717738	145.754
39.8634859	116.1717817	145.661
39.8634769	116.1717896	145.629
39.863468	116.1717976	145.633
39.863459	116.1718057	145.669
39.86345	116.1718138	145.693
39.863441	116.1718219	145.688
39.863432	116.17183	145.664
39.8634229	116.1718381	145.643
39.8634139	116.1718462	145.64
39.8634048	116.1718544	145.663
39.8633957	116.1718626	145.698
39.8633866	116.1718707	145.736
39.8633775	116.1718789	145.777
39.8633683	116.1718871	145.813
39.8633592	116.1718952	145.849
39.8633501	116.1719034	145.885
39.8633409	116.1719115	145.92
39.8633318	116.1719196	145.934
39.8633226	116.1719278	145.933
39.8633135	116.1719359	145.927
39.8633044	116.171944	145.924
39.8632952	116.1719521	145.917
39.8632861	116.1719602	145.908
39.863277	116.1719683	145.913
39.8632679	116.1719764	145.925
39.8632588	116.1719845	145.943
39.8632497	116.1719926	145.951
39.8632407	116.1720007	145.952
39.8632316	116.1720087	145.951
39.8632225	116.1720168	145.927
39.8632134	116.1720248	145.895
39.8632044	116.1720329	145.896
39.8631953	116.1720409	145.916
39.8631862	116.172049	145.935
39.8631772	116.172057	145.954
39.8631681	116.1720651	145.972
39.8631591	116.1720731	145.99
39.8631501	116.1720811	146.005
39.863141	116.1720891	146.026
39.863132	116.1720971	146.044
39.8631229	116.1721051	146.059
39.8631139	116.1721131	146.076
39.8631048	116.1721211	146.093
39.8630958	116.1721291	146.107
39.8630867	116.172137	146.124
39.8630777	116.172145	146.146
39.8630686	116.172153	146.162
39.8630596	116.1721609	146.172
39.8630505	116.1721689	146.182
39.8630414	116.1721769	146.183
39.8630323	116.1721849	146.184
39.8630233	116.1721929	146.165
39.8630142	116.1722009	146.153
39.8630051	116.1722089	146.132
39.862996	116.1722169	146.097
39.862987	116.1722249	146.052
39.8629779	116.172233	146.011
39.8629689	116.172241	145.985
39.8629598	116.1722491	145.95
39.8629507	116.1722572	145.927
39.8629416	116.1722653	145.907
39.8629325	116.1722734	145.86
39.8629234	116.1722815	145.782
39.8629143	116.1722895	145.693
39.8629052	116.1722977	145.641
39.8628961	116.1723058	145.617
39.862887	116.172314	145.598
39.8628779	116.1723222	145.575
39.8628687	116.1723305	145.534
39.8628596	116.1723387	145.484
39.8628505	116.1723469	145.442
39.8628414	116.1723551	145.402
39.8628323	116.1723634	145.374
39.8628232	116.1723716	145.346
39.8628141	116.1723799	145.32
39.862805	116.1723882	145.29
39.8627959	116.1723965	145.258
39.8627868	116.1724048	145.228
39.8627777	116.1724131	145.19
39.8627686	116.1724214	145.16
39.8627595	116.1724297	145.129
39.8627503	116.1724381	145.108
39.8627412	116.1724464	145.101
39.8627321	116.1724548	145.125
39.862723	116.1724632	145.18
39.8627138	116.1724715	145.243
39.8627047	116.1724799	145.299
39.8626955	116.1724882	145.333
39.8626863	116.1724966	145.375
39.8626771	116.1725049	145.406
39.862668	116.1725132	145.465
39.8626588	116.1725215	145.529
39.8626496	116.1725298	145.587
39.8626404	116.1725381	145.64
39.8626311	116.1725464	145.69
39.8626219	116.1725547	145.738
39.8626126	116.1725629	145.784
39.8626034	116.1725712	145.828
39.8625941	116.1725795	145.872
39.8625849	116.1725877	145.921
39.8625756	116.172596	145.967
39.8625663	116.1726042	146.008
39.862557	116.1726124	146.053
39.8625477	116.1726207	146.098
39.8625384	116.1726289	146.138
39.8625291	116.1726371	146.176
39.8625197	116.1726453	146.219
39.8625104	116.1726535	146.263
39.8625011	116.1726617	146.302
39.8624917	116.1726699	146.345
39.8624824	116.1726781	146.397
39.862473	116.1726863	146.44
39.8624637	116.1726945	146.461
39.8624543	116.1727027	146.472
39.8624449	116.1727108	146.503
39.8624355	116.172719	146.557
39.8624261	116.1727272	146.601
39.8624167	116.1727354	146.613
39.8624073	116.1727435	146.61
39.8623979	116.1727516	146.609
39.8623885	116.1727598	146.594
39.862379	116.1727679	146.563
39.8623696	116.172776	146.522
39.8623602	116.1727842	146.478
39.8623508	116.1727924	146.415
39.8623414	116.1728006	146.341
39.862332	116.1728088	146.262
39.8623226	116.1728171	146.178
39.8623132	116.1728253	146.092
39.8623038	116.1728336	146.01
39.8622944	116.1728419	145.937
39.8622851	116.1728502	145.86
39.8622757	116.1728585	145.771
39.8622664	116.1728669	145.679
39.862257	116.1728752	145.581
39.8622477	116.1728836	145.489
39.8622383	116.172892	145.418
39.862229	116.1729005	145.376
39.8622197	116.1729089	145.355
39.8622104	116.1729174	145.337
39.8622011	116.1729259	145.302
39.8621918	116.1729343	145.254
39.8621824	116.1729428	145.207
39.8621731	116.1729513	145.164
39.8621638	116.1729598	145.138
39.8621545	116.1729683	145.095
39.8621452	116.1729768	145.052
39.8621359	116.1729853	145.022
39.8621266	116.1729938	145.033
39.8621173	116.1730024	145.047
39.8621081	116.1730109	145.055
39.8620988	116.1730194	145.055
39.8620895	116.1730279	145.053
39.8620803	116.1730364	145.063
39.862071	116.1730449	145.084
39.8620617	116.1730533	145.116
39.8620525	116.1730618	145.148
39.8620432	116.1730703	145.18
39.8620339	116.1730788	145.214
39.8620247	116.1730872	145.249
39.8620154	116.1730956	145.283
39.8620062	116.173104	145.323
39.8619969	116.1731124	145.359
39.8619877	116.1731208	145.397
39.8619785	116.1731291	145.432
39.8619693	116.1731375	145.469
39.8619601	116.1731458	145.503
39.861951	116.1731541	145.535
39.8619418	116.1731623	145.564
39.8619327	116.1731705	145.585
39.8619236	116.1731787	145.603
39.8619145	116.1731868	145.611
39.8619054	116.1731949	145.583
39.8618964	116.173203	145.508
39.8618875	116.1732111	145.42
39.8618786	116.1732192	145.328
39.8618697	116.1732273	145.232
39.8618608	116.1732353	145.111
39.8618521	116.1732434	144.98
39.8618433	116.1732514	144.868
39.8618346	116.1732594	144.775
39.8618259	116.1732675	144.694
39.8618172	116.1732755	144.612
39.8618086	116.1732835	144.518
39.8618001	116.1732915	144.394
39.8617916	116.1732995	144.232
39.8617831	116.1733075	144.028
39.8617746	116.1733155	143.793
39.8617663	116.1733235	143.541
39.8617579	116.1733316	143.27
39.8617497	116.1733396	142.978
39.8617414	116.1733477	142.666
39.8617333	116.1733558	142.334
39.8617252	116.173364	141.988
39.8617172	116.1733722	141.638
39.8617092	116.1733804	141.287
39.8617014	116.1733887	140.943
39.8616935	116.173397	140.613
39.8616858	116.1734053	140.294
39.8616781	116.1734137	139.992
39.8616704	116.1734221	139.735
39.8616628	116.1734305	139.5
39.8616552	116.1734389	139.271
39.8616477	116.1734474	139.016
39.8616402	116.1734559	138.712
39.8616328	116.1734645	138.381
39.8616253	116.1734731	138.056
39.861618	116.1734818	137.758
39.8616106	116.1734906	137.49
39.8616033	116.1734993	137.276
39.8615961	116.1735081	137.099
39.8615888	116.1735169	136.923
39.8615816	116.1735258	136.738
39.8615744	116.1735346	136.551
39.8615673	116.1735435	136.366
39.8615601	116.1735524	136.179
39.861553	116.1735614	135.99
39.8615459	116.1735704	135.802
39.8615389	116.1735794	135.617
39.8615318	116.1735885	135.436
39.8615248	116.1735976	135.251
39.8615178	116.1736067	135.064
39.8615108	116.1736158	134.881
39.8615038	116.173625	134.694
39.8614968	116.1736343	134.506
39.8614898	116.1736436	134.317
39.8614828	116.1736529	134.129
39.8614759	116.1736623	133.942
39.8614689	116.1736717	133.757
39.861462	116.1736812	133.569
39.8614551	116.1736907	133.385
39.8614482	116.1737002	133.201
39.8614414	116.1737098	133.021
39.8614345	116.1737195	132.838
39.8614277	116.1737292	132.65
39.8614208	116.1737389	132.408
39.861414	116.1737486	132.095
39.8614072	116.1737585	131.734
39.8614005	116.1737683	131.366
39.8613938	116.1737783	131.013
39.8613871	116.1737883	130.682
39.8613805	116.1737983	130.311
39.8613739	116.1738084	129.952
39.8613675	116.1738186	129.646
39.861361	116.1738288	129.351
39.8613546	116.173839	129.024
39.8613483	116.1738492	128.672
39.861342	116.1738595	128.319
39.8613358	116.1738698	127.979
39.8613297	116.1738801	127.639
39.8613236	116.1738904	127.285
39.8613176	116.1739007	126.929
39.8613116	116.1739111	126.575
39.8613058	116.1739214	126.22
39.8613	116.1739318	125.87
39.8612943	116.1739422	125.527
39.8612886	116.1739526	125.197
39.861283	116.173963	124.89
39.8612774	116.1739735	124.628
39.861272	116.1739839	124.391
39.8612665	116.1739943	124.161
39.8612611	116.1740048	123.925
39.8612557	116.1740153	123.689
39.8612504	116.1740257	123.427
39.8612452	116.1740362	123.122
39.8612399	116.1740467	122.781
39.8612348	116.1740572	122.446
39.8612296	116.1740677	122.114
39.8612246	116.1740783	121.786
39.8612196	116.1740889	121.467
39.8612146	116.1740995	121.196
39.8612097	116.1741101	120.987
39.8612049	116.1741207	120.84
39.8612001	116.1741313	120.714
39.8611953	116.174142	120.605
39.8611905	116.1741526	120.507
39.8611858	116.1741632	120.413
39.861181	116.1741737	120.323
39.8611763	116.1741844	120.217
39.8611716	116.1741949	120.119
39.8611669	116.1742055	120.015
39.8611623	116.174216	119.849
39.8611577	116.1742265	119.616
39.8611531	116.1742369	119.36
39.8611486	116.1742474	119.108
39.8611441	116.1742579	118.859
39.8611397	116.1742684	118.603
39.8611354	116.1742789	118.358
39.8611311	116.1742893	118.144
39.8611269	116.1742998	117.964
39.8611226	116.1743102	117.793
39.8611185	116.1743206	117.625
39.8611143	116.174331	117.46
39.8611102	116.1743414	117.306
39.8611061	116.1743518	117.151
39.8611021	116.1743621	116.999
39.8610981	116.1743724	116.841
39.8610941	116.1743828	116.676
39.8610901	116.1743931	116.512
39.8610862	116.1744033	116.332
39.8610824	116.1744136	116.129
39.8610785	116.1744238	115.913
39.8610747	116.1744341	115.704
39.861071	116.1744443	115.496
39.8610673	116.1744545	115.287
39.8610636	116.1744647	115.082
39.86106	116.1744749	114.873
39.8610564	116.174485	114.669
39.8610529	116.1744952	114.454
39.8610494	116.1745053	114.244
39.8610459	116.1745154	114.031
39.8610425	116.1745255	113.803
39.8610391	116.1745356	113.566
39.8610357	116.1745456	113.327
39.8610324	116.1745557	113.096
39.8610292	116.1745657	112.86
39.8610259	116.1745757	112.633
39.8610228	116.1745857	112.409
39.8610197	116.1745957	112.198
39.8610166	116.1746057	111.939
39.8610135	116.1746156	111.688
39.8610106	116.1746255	111.461
39.8610076	116.1746354	111.184
39.8610047	116.1746453	110.907
39.8610018	116.1746551	110.638
39.860999	116.174665	110.371
39.8609963	116.1746748	110.115
39.8609936	116.1746846	109.87
39.8609909	116.1746944	109.638
39.8609883	116.1747041	109.41
39.8609857	116.1747139	109.187
39.8609831	116.1747237	108.972
39.8609805	116.1747335	108.766
39.860978	116.1747433	108.567
39.8609755	116.1747531	108.357
39.8609731	116.1747629	108.158
39.8609706	116.1747727	107.98
39.8609682	116.1747826	107.799
39.8609658	116.1747924	107.605
39.8609635	116.1748022	107.402
39.8609611	116.1748121	107.215
39.8609588	116.174822	107.051
39.8609565	116.1748319	106.899
39.8609543	116.1748418	106.763
39.860952	116.1748518	106.625
39.8609498	116.1748617	106.481
39.8609475	116.1748717	106.331
39.8609453	116.1748818	106.176
39.8609431	116.1748918	106.026
39.860941	116.1749019	105.877
39.8609388	116.174912	105.74
39.8609366	116.174922	105.598
39.8609345	116.1749322	105.449
39.8609324	116.1749423	105.294
39.8609303	116.1749524	105.144
39.8609282	116.1749626	104.978
39.8609262	116.1749727	104.784
39.8609242	116.1749829	104.544
39.8609222	116.1749931	104.3
39.8609202	116.1750033	104.064
39.8609183	116.1750136	103.839
39.8609163	116.1750238	103.607
39.8609145	116.175034	103.36
39.8609126	116.1750442	103.149
39.8609108	116.1750545	102.948
39.860909	116.1750647	102.779
39.8609073	116.175075	102.612
39.8609056	116.1750854	102.448
39.8609039	116.1750957	102.286
39.8609022	116.175106	102.129
39.8609006	116.1751163	101.955
39.8608989	116.1751266	101.757
39.8608973	116.175137	101.576
39.8608957	116.1751474	101.42
39.8608941	116.1751578	101.304
39.8608925	116.1751682	101.246
39.860891	116.1751786	101.168
39.8608895	116.1751891	101.127
39.860888	116.1751997	101.1
39.8608864	116.1752102	101.054
39.8608849	116.1752207	100.998
39.8608834	116.1752312	100.952
39.8608819	116.1752418	100.904
39.8608804	116.1752524	100.887
39.8608789	116.175263	100.884
39.8608774	116.1752737	100.887
39.8608758	116.1752843	100.901
39.8608744	116.1752949	100.915
39.8608728	116.1753056	100.918
39.8608713	116.1753163	100.915
39.8608697	116.175327	100.919
39.8608682	116.1753378	100.924
39.8608666	116.1753485	100.933
39.8608651	116.1753593	100.938
39.8608635	116.1753701	100.955
39.860862	116.1753809	100.98
39.8608604	116.1753918	101.014
39.8608588	116.1754026	101.044
39.8608573	116.1754135	101.079
39.8608557	116.1754243	101.121
39.8608541	116.1754352	101.161
39.8608525	116.1754461	101.205
39.8608509	116.175457	101.245
39.8608493	116.1754679	101.275
39.8608476	116.1754788	101.302
39.860846	116.1754898	101.329
39.8608444	116.1755007	101.365
39.8608427	116.1755117	101.403
39.8608411	116.1755226	101.442
39.8608394	116.1755336	101.466
39.8608377	116.1755446	101.482
39.8608361	116.1755556	101.533
39.8608344	116.1755665	101.588
39.8608327	116.1755775	101.634
39.8608311	116.1755885	101.669
39.8608294	116.1755995	101.684
39.8608276	116.1756105	101.687
39.8608259	116.1756215	101.684
39.8608241	116.1756325	101.669
39.8608224	116.1756435	101.635
39.8608207	116.1756545	101.603
39.860819	116.1756656	101.57
39.8608173	116.1756766	101.549
39.8608156	116.1756876	101.521
39.8608139	116.1756986	101.499
39.8608122	116.1757096	101.472
39.8608105	116.1757207	101.446
39.8608089	116.1757316	101.429
39.8608072	116.1757426	101.407
39.8608056	116.1757536	101.384
39.8608039	116.1757646	101.354
39.8608022	116.1757757	101.33
39.8608006	116.1757867	101.312
39.8607989	116.1757977	101.29
39.8607973	116.1758087	101.264
39.8607956	116.1758197	101.235
39.860794	116.1758307	101.213
39.8607924	116.1758416	101.188
39.8607908	116.1758526	101.169
39.8607891	116.1758636	101.166
39.8607875	116.1758746	101.189
39.8607859	116.1758856	101.232
39.8607842	116.1758966	101.266
39.8607826	116.1759076	101.296
39.8607809	116.1759186	101.326
39.8607793	116.1759296	101.367
39.8607776	116.1759405	101.403
39.860776	116.1759515	101.438
39.8607743	116.1759625	101.468
39.8607727	116.1759734	101.5
39.860771	116.1759844	101.521
39.8607693	116.1759953	101.528
39.8607676	116.1760063	101.532
39.860766	116.1760172	101.507
39.8607643	116.1760282	101.485
39.8607626	116.1760391	101.459
39.8607609	116.17605	101.44
39.8607593	116.1760609	101.431
39.8607576	116.1760718	101.41
39.860756	116.1760827	101.398
39.8607543	116.1760936	101.377
39.8607527	116.1761045	101.362
39.860751	116.1761154	101.357
39.8607494	116.1761262	101.345
39.8607478	116.1761371	101.337
39.8607461	116.1761479	101.323
39.8607445	116.1761588	101.318
39.8607428	116.1761697	101.309
39.8607412	116.1761806	101.302
39.8607396	116.1761915	101.291
39.8607379	116.1762024	101.282
39.8607363	116.1762133	101.274
39.8607346	116.1762243	101.263
39.860733	116.1762353	101.257
39.8607313	116.1762463	101.253
39.8607297	116.1762573	101.249
39.860728	116.1762683	101.243
39.8607264	116.1762794	101.234
39.8607248	116.1762905	101.229
39.8607231	116.1763016	101.223
39.8607214	116.1763128	101.215
39.8607198	116.1763239	101.204
39.8607181	116.1763351	101.196
39.8607165	116.1763463	101.19
39.8607148	116.1763574	101.187
39.8607131	116.1763686	101.174
39.8607115	116.1763799	101.16
39.8607098	116.1763911	101.149
39.8607082	116.1764024	101.133
39.8607065	116.1764136	101.13
39.8607048	116.1764249	101.12
39.8607032	116.1764362	101.124
39.8607015	116.1764475	101.126
39.8606999	116.1764587	101.138
39.8606982	116.17647	101.112
39.8606965	116.1764813	101.077
39.8606948	116.1764927	101.055
39.8606932	116.176504	101.028
39.8606915	116.1765153	101.025
39.8606899	116.1765267	101.03
39.8606882	116.176538	101.032
39.8606865	116.1765494	101.03
39.8606849	116.1765608	101.027
39.8606832	116.1765721	101.02
39.8606816	116.1765835	101.017
39.8606799	116.1765949	101.02
39.8606782	116.1766064	101.025
39.8606766	116.1766178	101.029
39.860675	116.1766292	101.036
39.8606733	116.1766407	101.051
39.8606716	116.1766522	101.064
39.8606699	116.1766636	101.079
39.8606682	116.1766751	101.092
39.8606665	116.1766866	101.106
39.8606648	116.1766981	101.122
39.8606631	116.1767096	101.144
39.8606614	116.1767212	101.162
39.8606597	116.1767327	101.181
39.860658	116.1767443	101.198
39.8606563	116.1767558	101.216
39.8606546	116.1767674	101.232
39.8606528	116.1767789	101.247
39.8606511	116.1767905	101.261
39.8606494	116.176802	101.277
39.8606477	116.1768135	101.295
39.8606459	116.176825	101.311
39.8606442	116.1768365	101.325
39.8606426	116.1768479	101.34
39.8606408	116.1768593	101.355
39.8606391	116.1768707	101.378
39.8606374	116.1768821	101.398
39.8606357	116.1768934	101.422
39.860634	116.1769046	101.435
39.8606323	116.1769159	101.424
39.8606306	116.1769271	101.443
39.860629	116.1769382	101.475
39.8606273	116.1769493	101.49
39.8606256	116.1769603	101.467
39.8606239	116.1769713	101.432
39.8606222	116.1769822	101.408
39.8606206	116.1769932	101.413
39.8606189	116.177004	101.431
39.8606173	116.1770149	101.447
39.8606156	116.1770257	101.454
39.860614	116.1770364	101.454
39.8606124	116.1770471	101.458
39.8606107	116.1770578	101.465
39.8606091	116.1770685	101.474
39.8606075	116.1770791	101.48
39.8606058	116.1770897	101.466
39.8606042	116.1771002	101.428
39.8606026	116.1771107	101.374
39.8606011	116.1771212	101.321
39.8605995	116.1771316	101.273
39.8605979	116.177142	101.227
39.8605964	116.1771524	101.179
39.8605948	116.1771627	101.132
39.8605933	116.177173	101.087
39.8605918	116.1771833	101.044
39.8605903	116.1771935	101.007
39.8605888	116.1772037	100.975
39.8605873	116.1772139	100.939
39.8605859	116.177224	100.896
39.8605844	116.1772341	100.854
39.8605829	116.1772442	100.823
39.8605815	116.1772542	100.786
39.8605801	116.1772642	100.749
39.8605787	116.1772742	100.713
39.8605773	116.1772841	100.675
39.8605759	116.177294	100.642
39.8605745	116.1773037	100.614
39.8605731	116.1773133	100.586
39.8605718	116.1773227	100.564
39.8605705	116.177332	100.557
39.8605692	116.1773411	100.559
39.860568	116.1773501	100.551
39.8605667	116.1773589	100.537
39.8605656	116.1773675	100.521
39.8605644	116.1773759	100.509
39.8605633	116.1773842	100.502
39.8605621	116.1773923	100.498
39.860561	116.1774002	100.528
39.8605599	116.1774081	100.589
39.8605588	116.1774159	100.591
39.8605577	116.1774237	100.61
39.8605566	116.1774314	100.675
39.8605556	116.1774391	100.759
39.8605545	116.1774467	100.803
39.8605534	116.1774544	100.821
39.8605523	116.1774619	100.859
39.8605513	116.1774695	100.902
39.8605502	116.1774769	100.935
39.8605491	116.1774844	100.967
39.860548	116.1774918	101.008
39.8605469	116.1774991	101.054
39.8605458	116.1775064	101.089
39.8605448	116.1775137	101.128
39.8605438	116.177521	101.173
39.8605427	116.1775282	101.213
39.8605416	116.1775354	101.252
39.8605406	116.1775425	101.298
39.8605395	116.1775496	101.331
39.8605384	116.1775567	101.359
39.8605374	116.1775637	101.408
39.8605363	116.1775707	101.447
39.8605352	116.1775777	101.473
39.8605342	116.1775846	101.504
39.8605331	116.1775915	101.542
39.8605321	116.1775983	101.576
39.860531	116.177605	101.612
39.86053	116.1776116	101.633
39.860529	116.1776181	101.621
39.860528	116.1776245	101.563
39.860527	116.1776307	101.468
39.8605261	116.1776368	101.371
39.8605252	116.1776428	101.281
39.8605243	116.1776486	101.168
39.8605236	116.1776543	101.028
39.860522	116.1776652	100.777
39.8605205	116.1776755	100.496
39.8605192	116.1776852	100.072
39.860518	116.1776943	99.576
39.8605169	116.1777028	99.018
39.860516	116.1777105	98.539
39.8605152	116.1777176	98.077
39.8605146	116.1777238	97.674
39.8605138	116.1777319	97.165
39.8605132	116.1777383	96.762
39.8605127	116.1777443	96.381
39.8605123	116.1777507	95.356
39.8605119	116.1777574	93.057
39.8605117	116.1777633	91.024
39.8605118	116.1777708	88.746
39.860512	116.1777774	87.251
39.8605124	116.1777848	86.007
39.8605129	116.1777931	85.29
39.8605133	116.1777992	85.247
39.8605138	116.1778057	85.466
39.8605142	116.1778126	86.04
39.8605147	116.1778199	86.926
39.860515	116.1778276	88.04
39.8605152	116.1778357	89.316
39.8605153	116.1778442	90.591
39.8605152	116.1778532	91.954
39.860515	116.1778625	93.381
39.8605145	116.1778722	94.768
39.8605138	116.1778824	95.91
39.860513	116.1778929	96.825
39.860512	116.1779038	97.709
39.8605109	116.1779152	98.635
39.8605103	116.177921	99.088
39.8605095	116.1779268	99.503
39.8605087	116.1779328	99.813
39.8605079	116.1779388	99.998
39.8605071	116.1779449	100.105
39.8605063	116.177951	100.168
39.8605055	116.1779572	100.235
39.8605047	116.1779634	100.313
39.8605039	116.1779696	100.388
39.860503	116.1779758	100.446
39.8605022	116.1779821	100.511
39.8605013	116.1779883	100.584
39.8605004	116.1779946	100.656
39.8604995	116.1780009	100.723
39.8604986	116.1780073	100.794
39.8604978	116.1780137	100.861
39.8604968	116.17802	100.93
39.8604959	116.1780264	101.001
39.860495	116.1780328	101.067
39.8604941	116.1780392	101.124
39.8604932	116.1780455	101.18
39.8604922	116.1780518	101.24
39.8604913	116.1780582	101.3
39.8604903	116.1780645	101.357
39.8604894	116.1780708	101.408
39.8604885	116.1780771	101.464
39.8604875	116.1780833	101.521
39.8604866	116.1780896	101.576
39.8604856	116.1780958	101.629
39.8604847	116.178102	101.675
39.8604837	116.1781083	101.717
39.8604827	116.1781144	101.759
39.8604817	116.1781206	101.786
39.8604808	116.1781267	101.805
39.8604798	116.1781329	101.822
39.8604789	116.178139	101.848
39.8604779	116.1781451	101.869
39.8604769	116.1781512	101.892
39.860476	116.1781573	101.903
39.860475	116.1781633	101.909
39.8604741	116.1781694	101.905
39.8604731	116.1781754	101.89
39.8604722	116.1781814	101.88
39.8604712	116.1781874	101.876
39.8604703	116.1781934	101.864
39.8604694	116.1781993	101.864
39.8604684	116.1782052	101.852
39.8604675	116.1782111	101.839
39.8604666	116.178217	101.83
39.8604657	116.1782228	101.829
39.8604648	116.1782286	101.818
39.860463	116.1782398	101.783
39.8604613	116.1782506	101.7
39.8604598	116.1782608	101.625
39.8604583	116.1782704	101.561
39.8604569	116.1782795	101.493
39.8604555	116.1782884	101.425
39.8604542	116.1782971	101.363
39.8604529	116.1783057	101.296
39.8604516	116.178314	101.23
39.8604504	116.1783221	101.163
39.8604493	116.1783299	101.026
39.8604482	116.1783374	100.843
39.8604472	116.1783446	100.698
39.8604463	116.1783515	100.542
39.8604453	116.1783582	100.377
39.8604445	116.1783648	100.258
39.8604437	116.1783713	100.134
39.8604428	116.1783777	100.034
39.860442	116.178384	99.93
39.8604412	116.1783901	99.822
39.8604405	116.1783962	99.763
39.8604397	116.1784022	99.68
39.860439	116.1784081	99.633
39.8604379	116.1784167	99.553
39.8604369	116.1784252	99.479
39.8604365	116.178428	99.451
39.8604355	116.1784365	99.294
39.8604344	116.1784451	99.142
39.8604338	116.178451	99.03
39.8604331	116.1784569	98.87
39.8604324	116.1784629	98.663
39.8604317	116.178469	98.393
39.860431	116.1784752	98.067
39.8604304	116.1784815	97.646
39.8604298	116.1784878	97.126
39.8604292	116.1784943	96.531
39.8604287	116.1785009	95.875
39.8604282	116.1785076	94.997
39.8604279	116.1785144	93.954
39.8604276	116.1785212	92.745
39.8604274	116.1785281	91.374
39.8604273	116.1785351	89.746
39.8604275	116.1785421	88.073
39.8604279	116.1785491	86.121
39.8604283	116.1785563	84.236
39.8604289	116.1785636	82.22
39.8604298	116.1785709	80.282
39.8604311	116.1785783	78.406
39.8604323	116.1785858	76.235
39.8604338	116.1785933	74.153
39.8604356	116.1786008	72.059
39.8604376	116.1786083	69.901
39.8604399	116.1786158	67.727
39.8604424	116.1786234	65.538
39.8604452	116.1786309	63.286
39.8604483	116.1786384	61.029
39.8604516	116.1786458	58.74
39.8604552	116.1786532	56.485
39.8604591	116.1786605	54.403
39.8604633	116.1786677	52.445
39.8604677	116.1786749	50.573
39.8604724	116.178682	48.854
39.8604773	116.1786891	47.181
39.8604825	116.178696	45.592
39.8604878	116.1787029	44.099
39.8604934	116.1787098	42.643
39.8604993	116.1787166	41.149
39.8605054	116.1787234	39.647
39.8605117	116.17873	38.119
39.8605183	116.1787366	36.587
39.8605251	116.1787429	35.039
39.8605322	116.1787492	33.607
39.8605396	116.1787553	32.218
39.8605471	116.1787614	30.841
39.8605549	116.1787672	29.561
39.8605627	116.1787728	28.311
39.8605667	116.1787756	27.685
39.8605708	116.1787783	27.052
39.8605749	116.178781	26.417
39.860579	116.1787836	25.783
39.8605831	116.1787861	25.13
39.8605873	116.1787886	24.474
39.8605915	116.1787911	23.829
39.8605957	116.1787935	23.191
39.8606	116.1787958	22.545
39.8606043	116.1787981	21.894
39.8606087	116.1788003	21.24
39.860613	116.1788025	20.581
39.8606174	116.1788046	19.918
39.8606219	116.1788066	19.255
39.8606264	116.1788086	18.596
39.8606308	116.1788104	17.933
39.8606354	116.1788123	17.274
39.8606399	116.178814	16.609
39.8606445	116.1788158	15.938
39.8606492	116.1788174	15.275
39.8606538	116.178819	14.63
39.8606585	116.1788206	14.024
39.8606632	116.178822	13.484
39.8606679	116.1788235	13.025
39.8606727	116.1788248	12.647
39.8606774	116.1788261	12.325
39.8606822	116.1788274	12.047
39.860687	116.1788287	11.818
39.8606918	116.1788299	11.646
39.8606966	116.1788312	11.514
39.8607015	116.1788324	11.402
39.8607064	116.1788337	11.317
39.8607112	116.1788349	11.279
39.8607161	116.1788361	11.248
39.860721	116.1788373	11.197
39.8607259	116.1788385	11.149
39.8607308	116.1788397	11.141
39.8607357	116.1788409	11.131
39.8607407	116.1788421	11.108
39.8607456	116.1788434	11.089
39.8607506	116.1788446	11.083
39.8607555	116.1788458	11.072
39.8607605	116.1788471	11.049
39.8607655	116.1788483	11.031
39.8607705	116.1788495	11.035
39.8607755	116.1788508	11.033
39.8607806	116.178852	11.025
39.8607856	116.1788533	11.027
39.8607907	116.1788545	11.041
39.8607957	116.1788558	11.06
39.8608008	116.178857	11.078
39.8608059	116.1788583	11.106
39.860811	116.1788596	11.14
39.8608161	116.1788609	11.165
39.8608213	116.1788621	11.186
39.8608263	116.1788633	11.216
39.8608315	116.1788646	11.245
39.8608366	116.1788659	11.266
39.8608418	116.1788672	11.289
39.860847	116.1788685	11.325
39.8608521	116.1788698	11.356
39.8608573	116.1788711	11.371
39.8608625	116.1788724	11.386
39.8608678	116.1788738	11.415
39.860873	116.1788751	11.437
39.8608782	116.1788765	11.454
39.8608835	116.1788778	11.489
39.8608888	116.1788791	11.534
39.860894	116.1788805	11.548
39.8608993	116.1788818	11.561
39.8609046	116.1788832	11.579
39.8609099	116.1788846	11.571
39.8609152	116.1788859	11.529
39.8609205	116.1788873	11.491
39.8609258	116.1788887	11.47
39.8609311	116.17889	11.438
39.8609365	116.1788913	11.366
39.8609418	116.1788927	11.287
39.8609472	116.1788941	11.231
39.8609526	116.1788954	11.158
39.8609579	116.1788967	11.049
39.8609633	116.1788981	10.936
39.8609687	116.1788994	10.832
39.8609742	116.1789007	10.704
39.8609796	116.178902	10.547
39.860985	116.1789032	10.395
39.8609905	116.1789045	10.252
39.8609959	116.1789057	10.089
39.8610014	116.178907	9.898
39.8610069	116.1789082	9.691
39.8610125	116.1789093	9.48
39.861018	116.1789105	9.272
39.8610236	116.1789116	9.08
39.8610292	116.1789127	8.892
39.8610348	116.1789138	8.694
39.8610403	116.1789149	8.491
39.8610459	116.178916	8.294
39.8610515	116.178917	8.106
39.8610572	116.178918	7.855
39.8610628	116.178919	7.589
39.8610684	116.17892	7.379
39.861074	116.1789209	7.198
39.8610796	116.1789218	7.021
39.8610852	116.1789227	6.856
39.8610908	116.1789235	6.708
39.8610965	116.1789242	6.586
39.8611021	116.178925	6.483
39.8611077	116.1789258	6.366
39.8611132	116.1789266	6.242
39.8611188	116.1789274	6.136
39.8611243	116.1789282	6.035
39.8611298	116.1789289	5.927
39.8611353	116.1789296	5.815
39.8611408	116.1789303	5.711
39.8611463	116.178931	5.609
39.8611517	116.1789315	5.506
39.8611572	116.1789322	5.414
39.8611626	116.1789328	5.36
39.861168	116.1789334	5.317
39.8611733	116.178934	5.265
39.8611787	116.1789346	5.215
39.861184	116.1789352	5.168
39.8611893	116.1789358	5.113
39.8611946	116.1789364	5.053
39.8611999	116.1789369	5.006
39.8612051	116.1789375	4.957
39.8612103	116.178938	4.896
39.8612155	116.1789385	4.833
39.8612207	116.1789391	4.78
39.8612259	116.1789396	4.723
39.8612311	116.1789401	4.67
39.8612362	116.1789406	4.627
39.8612413	116.1789411	4.591
39.8612464	116.1789416	4.537
39.8612515	116.1789421	4.477
39.8612566	116.1789426	4.452
39.8612617	116.178943	4.471
39.8612667	116.1789435	4.502
39.8612717	116.178944	4.56
39.8612767	116.1789445	4.681
39.8612817	116.178945	4.881
39.8612866	116.1789455	5.104
39.8612916	116.178946	5.313
39.8612965	116.1789466	5.522
39.8613013	116.1789472	5.735
39.8613062	116.1789477	5.967
39.861311	116.1789483	6.224
39.8613157	116.1789489	6.452
39.8613204	116.1789495	6.807
39.8613251	116.1789503	7.117
39.8613298	116.1789511	7.326
39.8613344	116.1789518	7.65
39.861339	116.1789525	8.061
39.8613479	116.1789542	8.429
39.8613524	116.1789551	8.672
39.8613612	116.1789569	9.282
39.8613699	116.1789587	9.688
39.8613786	116.1789606	10.011
39.8613871	116.1789626	10.034
39.8613955	116.1789642	10.1
39.861404	116.1789662	10.136
39.8614125	116.1789681	10.243
39.861421	116.17897	10.553
39.8614295	116.178972	10.918
39.8614381	116.1789741	11.228
39.8614468	116.1789763	11.447
39.8614555	116.1789785	11.545
39.8614643	116.1789808	11.578
39.8614732	116.1789831	11.597
39.8614821	116.1789855	11.537
39.8614866	116.1789867	11.506
39.8614911	116.1789878	11.477
39.8614956	116.178989	11.453
39.8615001	116.1789902	11.417
39.8615047	116.1789913	11.38
39.8615093	116.1789925	11.345
39.8615138	116.1789937	11.318
39.8615184	116.1789948	11.27
39.861523	116.178996	11.216
39.8615276	116.178997	11.171
39.8615321	116.1789981	11.14
39.8615366	116.1789992	11.113
39.8615411	116.1790003	11.083
39.8615456	116.1790014	11.063
39.8615501	116.1790025	11.047
39.861559	116.1790047	11.011
39.8615678	116.1790069	11.012
39.8615766	116.1790091	11.06
39.8615853	116.1790112	11.075
39.861594	116.1790134	11.111
39.8616026	116.1790155	11.139
39.8616111	116.1790176	11.197
39.8616196	116.1790197	11.239
39.861628	116.1790218	11.274
39.8616363	116.1790239	11.311
39.8616446	116.179026	11.329
39.861653	116.1790281	11.41
39.8616614	116.1790302	11.443
39.8616699	116.1790324	11.474
39.8616785	116.1790347	11.519
39.8616872	116.1790369	11.553
39.861696	116.1790392	11.599
39.8617049	116.1790414	11.648
39.8617094	116.1790426	11.683
39.8617139	116.1790438	11.702
39.8617184	116.179045	11.72
39.8617229	116.1790461	11.746
39.8617275	116.1790473	11.779
39.861732	116.1790485	11.802
39.8617366	116.1790497	11.819
39.8617411	116.1790509	11.844
39.8617457	116.1790521	11.874
39.8617502	116.1790533	11.901
39.8617548	116.1790545	11.916
39.8617593	116.1790557	11.934
39.8617639	116.1790569	11.962
39.8617684	116.1790581	12.001
39.8617729	116.1790593	12.022
39.8617774	116.1790605	12.036
39.8617819	116.1790617	12.048
39.8617908	116.1790641	12.068
39.8617996	116.1790665	12.064
39.8618084	116.1790689	12.016
39.8618171	116.1790712	11.932
39.8618258	116.1790735	11.868
39.8618344	116.1790758	11.787
39.8618429	116.179078	11.709
39.8618513	116.1790802	11.585
39.8618597	116.1790824	11.444
39.8618681	116.1790845	11.33
39.8618763	116.1790866	11.198
39.8618845	116.1790886	11.077
39.8618927	116.1790906	10.94
39.8619007	116.1790925	10.828
39.8619087	116.1790944	10.73
39.8619165	116.1790963	10.636
39.8619239	116.179098	10.589
39.8619307	116.1790996	10.548
39.8619366	116.179101	10.517
39.8619416	116.1791021	10.507
39.8619473	116.1791035	10.467
39.8619519	116.1791044	10.424
39.8619565	116.1791055	10.489
39.8619613	116.1791066	10.572
39.861966	116.1791077	10.647
39.8619713	116.1791089	10.744
39.861976	116.17911	10.827
39.861981	116.1791113	10.92
39.8619861	116.1791125	11.012
39.8619913	116.1791139	11.097
39.8619966	116.1791152	11.192
39.8620017	116.1791165	11.278
39.8620066	116.1791177	11.365
39.8620111	116.1791189	11.27
39.8620117	116.1791191	11.187
39.8620166	116.1791201	7.182
39.8620214	116.1791205	0.503
39.8620262	116.1791201	353.257
39.8620314	116.1791188	345.034
39.8620364	116.1791165	336.945
39.8620407	116.1791137	329.577
39.8620446	116.1791104	322.556
39.8620483	116.1791059	314.871
39.8620514	116.1791013	307.83
39.8620542	116.1790959	300.296
39.8620565	116.1790897	292.204
39.8620583	116.1790827	283.705
39.8620592	116.1790764	276.354
39.8620595	116.1790683	267.1
39.8620588	116.1790615	259.1
39.862057	116.1790531	249.185
39.8620552	116.1790475	242.387
39.8620528	116.1790422	235.511
39.8620498	116.1790375	228.797
39.8620464	116.179033	222.677
39.8620427	116.179029	216.987
39.8620388	116.1790254	211.678
39.8620346	116.1790223	206.962
39.8620302	116.1790199	202.653
39.8620257	116.1790177	199.014
39.8620212	116.1790158	195.853
39.8620165	116.1790142	193.219
39.8620119	116.1790129	191.014
39.8620073	116.1790121	189.196
39.8620026	116.1790112	187.764
39.861998	116.1790104	186.609
39.8619934	116.1790097	186.004
39.8619887	116.1790091	185.709
39.861982	116.1790085	185.518
39.8619775	116.1790079	185.727
39.861973	116.1790074	185.944
39.8619664	116.1790064	186.494
39.8619599	116.1790056	187.188
39.8619535	116.1790046	187.883
39.8619473	116.1790035	188.567
39.8619414	116.1790023	189.117
39.861936	116.1790012	189.352
39.8619304	116.179	189.588
39.861927	116.1789993	189.751
